10025141
10023447
10008494
10030495
1000342
10007654
10024633
10013405
10016843
10010853
10029333
10025141
10023447
10008494
10030495
10032631
10030718
10014782
10017712
10030902
10017601
10013374
10005274
10010746
10015791
10024966
10002515
10000866
10030079
10008254
10001135
10013188
10014462
10017236
10009269
1002082
10007903
10011004
10003612
1002388
10006482
10028405
10032115
10023993
10011225
1003227
10030047
10006797
10019159
1002225
10009866
10015379
1000369
10015872
10023834
10020782
10012283
10005349
10002784
10000182
10001556
1001403
1001685
10027163
10029297
10009866
10015379
1000369
10015872
10023834
10001074
10012758
10024879
10002247
10005577
10013648
1001978
10000829
10000903
10002296
10024303
1003241
10032151
10024214
100312
10009375
10018497
1002577
10000829
10000903
10002296
10024303
1003241
10009054
10015992
1000798
10031799
10026646
10023081
10026317
10019571
10007228
10000101
10006225
10001671
1002058
10020992
10006533
100246
10028272
10012516
10009728
10017005
10009814
10002495
10016905
10000456
10006179
10026105
10021685
10007927
10024384
10023017
100116
10018214
10025332
10009032
10030718
10001527
10004139
10003046
10026018
10024021
10024694
10025755
10002815
10014981
10021074
10011393
10015134
10029181
10013997
10014432
10024815
10018298
1003063
10028266
10007218
10009421
10015509
10027177
10009624
10032245
10003915
10007349
1001591
10004851
10026267
10015658
10011739
10000986
10014873
10007513
10005522
1002743
10000801
10014014
10006186
10029262
10020251
10000947
10007907
10005277
10018174
10030946
10015627
10001085
10020499
10013056
10030427
10026005
10010748
10011449
10028572
10021717
10011764
10004326
10017165
10027086
10004952
10032006
10003593
10011784
10023911
10018412
10027237
10014606
10022086
10008373
10025112
10026381
10015174
10006653
10007582
10021685
10007927
10024384
10023017
10021215
10016676
10017129
10012234
10019144
10027744
1001064
10024326
1001606
10002499
10027364
10016077
10025439
10016949
1003066
10031185
10000168
10009629
10010502
10011234
10004151
10008171
10028776
10007953
10005608
1001622
10005577
10025621
1002628
10012281
10021657
10018926
10020871
10004194
10028046
1003092
10024335
10000969
10000152
10024326
1001606
10002499
10027364
10016077
10025439
10016949
1003066
10031185
10000168
10029251
1001691
10030163
10015686
10006683
10006079
10006495
10016391
10014308
10000382
10029457
10019812
10008884
10024989
10025924
10025182
10014163
10026197
10022428
10012562
10025664
10030136
10017204
10003141
10014069
10005608
10018936
10012609
10020076
10009607
10023887
10025568
10022242
1003083
10014334
10004326
10029403
10011426
10012105
10027283
1001367
10019331
10008026
10013177
10004514
10002887
10030439
10011148
10025473
10017575
10009744
10021368
10030156
10028888
1002983
10031287
100106
10017341
10000754
10018658
10008663
10013915
10031637
10016583
10006913
10005517
10013867
10024509
10019509
10026873
1002127
10024244
10031851
10017986
10004536
10016016
10011212
10025728
10026145
10005944
10030324
10001005
10004586
10023785
10005238
10032224
10017504
10004049
10006944
10004352
1000151
10002521
10025473
10015793
10029332
10024258
10014889
10018131
10002084
10000627
10015408
10010924
10002831
10010641
10001402
10010274
10018163
10006225
10005176
10009262
10011832
10021386
10001458
10000909
10007411
10026639
10004165
10019641
10017162
10015419
10024231
10009751
1003113
10008141
10012403
10001138
10001941
10026197
10022428
10012562
10025664
10030136
10017204
10003141
10014069
10005608
10018936
10012609
1000405
10028259
10025072
1000953
10024181
10021163
10023237
10001777
10007411
10005007
10011585
10012617
10005324
10012958
10031365
10003948
10022742
10014951
10006579
10030596
10005088
1002523
10031665
10003956
10010902
10014879
10031786
10027079
10013477
10019489
10017366
10028389
10004383
10029295
10008188
10026253
10006688
10019139
10029493
10013695
10015282
10000532
10009074
10009081
10029166
1002717
1001056
10015717
10029284
10003407
10009291
10010193
10001213
10013488
10006433
10030111
10020127
1000522
10015417
1002227
10005841
10004644
10028212
10013465
10017312
10023068
1001981
1000283
10006273
10013817
10000136
10006817
10030455
10023108
10007905
10016178
10009911
10007662
10022882
10001132
10026891
10020524
10018754
10019008
10023412
10008325
10001978
10003473
10028051
10019752
1002945
10010545
10028233
10002948
10017596
10008973
10029726
10024339
10023852
10022948
10009439
10017596
10008973
10009662
10008331























































































































































































































































































































































































































































































































