10024244
10031851
10017986
10004536
10016016
10011212
10025728
10026145
10005944
10030324
10001005
10004586
10023785
10005238
10032224
10017504
10004049
10006944
10016016
10011212
10025728
10026145
10005944
10029332
10024258
10014889
10018131
10002084
10000627
10015408
10010924
10002831
10010641
10001402
10010274
10018163
10006225
10005176
10009262
10011832
10021386
10001458
10000909
10007411
10026639
10004165
10019641
10017162
10015419
10024231
10009751
10002831
10010641
10001402
10010274
10018163
10026197
10022428
10012562
10025664
10030136
10017204
10003141
10014069
10005608
10018936
10012609
1000405
10022742
10014951
10025141
10023447
10008494
10030495
1000342
10007654
10024633
10013405
10016843
10010853
10013477
10019489
10017366
10028389
10004383
10029295
10008188
10026253
10006688
10019139
10029493
10013695
10015282
10000532
10009074
10005088
1002523
10031665
10003956
10013488














































































































































































































































































































































































































































































































































































































































































































































































































































































































































