1001685
1001691
1001978
1001981
1002058
1002082
1002111
1002127
1002225
1002227
1002388
1002523
1002577
1002628
1002717
1002743
1002945
1002983
1003063
1003066
1003083
1003092
1003113
1003227
1003241
10000101
10000136
10000152
10000168
10000182
10000382
10000456
10000532
10000627
10000754
10000801
10000829
10000844
10000866
10000903
10000909
10000947
10000969
10000986
10001005
10001074
10001085
10001132
10001135
10001138
10001213
10001402
10001458
10001527
10001556
10001671
10001777
10001941
10001978
10002084
10002094
10002247
10002296
10002495
10002499
10002515
10002521
10002784
10002815
10002831
10002887
10002948
10002955
10003046
10003141
10003407
10003473
10003574
10003593
10003612
10003915
10003948
10003956
10004049
10004139
10004151
10004165
10004194
10004326
10004326
10004352
10004383
10004514
10004536
10004586
10004644
10004851
10004952
10005007
10005088
10005176
10005238
10005274
10005277
10005324
10005349
10005517
10005522
10005577
10005577
10005608
10005608
10005841
10005944
10006079
10006179
10006186
10006225
10006225
10006273
10006433
10006482
10006495
10006533
10006576
10006579
10006653
10006683
10006688
10006797
10006817
10006868
10006913
10006944
10006989
10007218
10007228
10007251
10007349
10007411
10007411
10007513
10007582
10007592
10007654
10007662
10007903
10007905
10007907
10007927
10007953
10008026
10008141
10008171
10008188
10008254
10008325
10008331
10008373
10008494
10008663
10008884
10008973
10009032
10009054
10009074
10009081
10009262
10009269
10009291
10009375
10009421
10009439
10009537
10009607
10009624
10009629
10009662
10009728
10009744
10009751
10009814
10009866
10009911
10010193
10010274
10010502
10010545
10010641
10010746
10010748
10010853
10010902
10010924
10011004
10011148
10011212
10011225
10011234
10011393
10011426
10011449
10011585
10011739
10011764
10011784
10011832
10012105
10012234
10012281
10012283
10012403
10012516
10012562
10012609
10012617
10012758
10012958
10012988
10013056
10013177
10013188
10013345
10013374
10013405
10013465
10013477
10013488
10013648
10013695
10013815
10013817
10013867
10013915
10013997
10014014
10014069
10014163
10014308
10014334
10014432
10014462
10014606
10014782
10014873
10014879
10014889
10014951
10014981
10015134
10015174
10015282
10015379
10015408
10015417
10015419
10015509
10015627
10015658
10015686
10015717
10015791
10015793
10015872
10015992
10016016
10016077
10016178
10016391
10016441
10016583
10016676
10016843
10016905
10016949
10017005
10017129
10017162
10017165
10017176
10017204
10017236
10017312
10017341
10017366
10017504
10017575
10017596
10017601
10017712
10017986
10018131
10018163
10018174
10018214
10018298
10018412
10018497
10018658
10018754
10018926
10018936
10019008
10019139
10019144
10019159
10019331
10019489
10019509
10019571
10019641
10019668
10019752
10019812
10020076
10020127
10020251
10020499
10020524
10020782
10020871
10020894
10020992
10021074
10021163
10021215
10021368
10021386
10021657
10021685
10021717
10021937
10022086
10022242
10022428
10022635
10022742
10022882
10022948
10023017
10023068
10023081
10023108
10023237
10023412
10023447
10023515
10023785
10023834
10023852
10023887
10023911
10023965
10023993
10024021
10024181
10024214
10024231
10024244
10024258
10024303
10024326
10024335
10024339
10024384
10024509
10024633
10024694
10024753
10024815
10024879
10024966
10024989
10025026
10025072
10025112
10025141
10025182
10025332
10025439
10025473
10025473
10025568
10025569
10025621
10025664
10025728
10025755
10025924
10026005
10026018
10026105
10026145
10026189
10026197
10026235
10026253
10026267
10026317
10026381
10026639
10026646
10026696
10026873
10026891
10027079
10027086
10027163
10027177
10027237
10027283
10027364
10027744
10028046
10028051
10028212
10028233
10028259
10028266
10028272
10028389
10028405
10028549
10028572
10028776
10028888
10029052
10029166
10029181
10029232
10029251
10029262
10029284
10029295
10029297
10029332
10029333
10029374
10029403
10029457
10029493
10029603
10029726
10030035
10030047
10030079
10030111
10030136
10030156
10030163
10030297
10030324
10030427
10030439
10030455
10030495
10030596
10030718
10030718
10030746
10030902
10030946
10031051
10031185
10031287
10031365
10031637
10031665
10031786
10031799
10031851
10032006
10032027
10032115
10032151
10032224
10032245
10032337
10032362
10032631
4180044154
4180044194
4180044227
4180044237
4180044524
4180044526
4180044567
4180044617
4180044640
4180044783
4180044827
4180044844
4180044878
4180044977
4180045040
4180045048
4180045108
4180045144
4180185826
4180205527
