4180000054
4180000057
4180000789
4180000086
4180000137
4180000187
4180000228
4180000249
4180000318
4180000411
4180000434
4180000444
4180000453
4180000457
4180000461
4180000497
4180000546
4180000591
4180000604
4180000615
4180000621
4180000700
4180014717
4180000739
4180000744
4180000838
4180000855
4180000888
4180000949
4180001155
4180001161
4180001283
4180001356
4180001367
4180001550
4180001658
4180020885
4180001729
4180001869
4180024970
4180027553
4180002172
4180029168
4180002560
4180002922
4180002960
4180002998
4180003113
4180003440
4180003549
4180003693
4180003726
4180047329
4180003995
4180004025
4180004151
4180004366
4180054389
4180004446
4180073470
4180005007
4180005145
4180005364
4180005655
4180006251
4180006274
4180006277
4180006757
4180006827
4180007234
4180007336
4180007369
4180007383
4180089141
4180007581
4180007626
4180007763
4180007884
4180007955
4180007965
4180008041
4180092113
4180129151
4180207079
4180009368
4180009436
4180009621
4180009755
4180010030
4180010181
4180010240
4180010387
4180010548
4180010634
4180215462
4180010727
4180010768
4180010771
4180010806
4180010851
4180251797
4180011075
4180011208
4180011215
4180011271
4180011339
4180011408
4180011452
4180262062
4180011571
4180011604
4180011705
4180011895
4180270111
4180012030
4180299265
4180012504
4180012573
4180012638
4180012686
4180012764
4180012771
4180012794
4180012967
4180013023
4180013128
4180013337
4180013342
4180013652
4180013829
4180013976
4180013992
4180014029
4180014105
4180014117
4180014177
4180014193
4180014305
4180014340
4180014354
4180310275
4180014380
4180014513
4180014565
4180014634
4180014650
4180327017
4180014748
4180014778
4180014793
4180014819
4180014828
4180014977
4180015020
4180015077
4180015168
4180015207
4180015315
4180015316
4180015337
4180015461
4180015533
4180015577
4180015595
4180015751
4180015755
4180015773
4180015969
4180016009
4180016069
4180016082
4180016238
4180016279
4180330332
4180016337
4180016347
4180016361
4180016424
4180016459
4180016514
4180016567
4180016603
4180330401
4180016615
4180016627
4180016634
4180016639
4180016688
4180332487
4180016773
4180016776
4180016809
4180016891
4180016989
4180339264
4180017078
4180017083
4180017144
4180017174
4180017210
4180017300
4180017337
4180340518
4180017417
4180017619
4180017652
4180341755
4180342925
4180359924
4180017915
4180018017
4180018056
4180018062
4180018132
4180018257
4180018273
4180018617
4180018642
4180390866
4180018719
4180018789
4180018807
4180018976
4180018997
4180019004
4180019021
4180019147
4180019158
4180019182
4180019254
4180019443
4180019508
4180019762
4180019769
4180019779
4180019813
4180019830
4180019900
4180019944
4180019999
4180020060
4180020103
4180020136
4180020227
4180020272
4180020398
4180020406
4180020433
4180020518
4180020559
4180020607
4180412055
4180421352
4180020644
4180020655
4180020698
4180020719
4180020747
4180463133
4180494515
4180503237
4180563632
4180020900
4180020931
4180020953
4180020978
4180021014
4180021315
4180021318
4180021364
4180021366
4180021371
4180021519
4180021563
4180021652
4180021680
4180570178
4180021953
4180583038
4180022064
4180022082
4180022193
4180022221
4180022315
4180022364
4180022447
4180022501
4180022716
4180022761
4180022767
4180022839
4180022995
4180023024
4180023183
4180023198
4180001895
4180016605
4180023530
4180023551
4180023555
4180023671
4180023707
4180023787
4180017741
4180023800
4180023901
4180023934
4180023995
4180024176
4180023788
4180044308
4180047618
4180024201
4180024495
4180024536
4180024549
4180024630
4180058063
4180024824
4180024876
4180024901
4180068303
4180025020
4180025033
4180025062
4180025082
4180025089
4180025139
4180025175
4180025224
4180089281
4180025368
4180113508
4180025450
4180025629
4180025721
4180025861
4180116239
4180026027
4180026291
4180026425
4180026533
4180026591
4180026661
4180026817
4180026920
4180027234
4180027241
4180027322
4180027407
4180027413
4180027419
4180027492
4180027535
4180120728
4180027642
4180027704
4180027708
4180027824
4180028009
4180028498
4180029127
4180128847
4180029385
4180029839
4180030034
4180030174
4180030222
4180030579
4180030870
4180031543
4180031566
4180031781
4180032111
4180032259
4180032335
4180032768
4180032885
4180032967
4180033292
4180033603
4180033655
4180033950
4180034085
4180034121
4180034148
4180034152
4180034239
4180034253
4180035315
4180035614
4180148418
4180035685
4180035690
4180035778
4180035812
4180036073
4180036110
4180036144
4180036214
4180036375
4180036420
4180036522
4180036854
4180037048
4180037077
4180037266
4180037348
4180037371
4180037449
4180037800
4180038766
4180038873
4180039274
4180039501
4180039590
4180039696
4180039730
4180040041
4180040255
4180151313
4180040515
4180040584
4180040657
4180040787
4180040854
4180040880
4180041055
4180041074
4180041089
4180041098
4180041105
4180041147
4180041258
4180041275
4180041286
4180041332
4180041340
4180041368
4180156749
4180041460
4180041468
4180041476
4180041533
4180160438
4180041582
4180041606
4180041641
4180041788
4180041833
4180041930
4180041962
4180042073
4180042083
4180042291
4180042440
4180042471
4180042540
4180042781
4180042877
4180042977
4180043020
4180043078
4180043221
4180043247
4180043268
4180043280
4180043281
4180043747
4180044106
4180044122
4180044139
4180044143
4180044154
4180044194
4180044227
4180044237
4180185826
4180205527
4180044524
4180044526
4180044567
4180044617
4180044640
4180044783
4180044827
4180044844
4180044878
4180044977
4180045040
4180045048
4180045108
4180045144
4180045211
4180045212
4180045286
4180045311
4180045390
4180045411
4180045518
4180045539
4180045542
4180045548
4180045684
4180045706
4180045792
4180045829
4180045886
4180045899
4180045934
4180045989
4180046011
4180046019
4180046091
4180046184
4180046221
4180046323
4180046328
4180046414
4180046432
4180046464
4180046493
4180046556
4180046616
4180046639
4180046655
4180046668
4180220371
4180046728
4180046760
4180046841
4180046862
4180047115
4180223743
4180047538
4180047591
4180047607
4180248430
4180047681
4180047701
4180047736
4180047807
4180047811
4180047834
4180047842
4180047925
4180260433
4180048008
4180048029
4180048061
4180048063
4180048125
4180048167
4180048357
4180048370
4180048424
4180048443
4180048627
4180048695
4180048863
4180048976
4180049047
4180049051
4180049353
4180049382
4180049414
4180049444
4180049491
4180049650
4180049766
4180049767
4180049819
4180049842
4180049883
4180049963
4180050020
4180050051
4180050081
4180050159
4180050244
4180050250
4180050429
4180050482
4180050611
4180050652
4180050743
4180050921
4180050930
4180051022
4180051055
4180260727
4180051322
4180051816
4180051837
4180051903
4180052047
4180052100
4180052319
4180052348
4180052470
4180052486
4180052517
4180261230
4180052543
4180052545
4180052610
4180052661
4180052705
4180052761
4180052769
4180052772
4180266748
4180052861
4180052875
4180052938
4180052982
4180267240
4180053130
4180053132
4180273837
4180283920
4180285824
4180053416
4180053737
4180053762
4180307681
4180053883
4180053967
4180053971
4180054081
4180054189
4180054213
4180054312
4180315300
4180054629
4180054642
4180054654
4180054696
4180054953
4180054984
4180054999
4180055022
4180055125
4180055209
4180055250
4180055353
4180055557
4180055592
4180055909
4180056123
4180056168
4180056176
4180056214
4180056404
4180056714
4180056777
4180056908
4180057177
4180057497
4180331127
4180057601
4180057660
4180057715
4180057719
4180057871
4180333272
4180058073
4180335931
4180339349
4180340870
4180058600
4180058737
4180058986
4180059366
4180059391
4180059674
4180059723
4180059846
4180059929
4180059944
4180059999
4180060691
4180060785
4180060881
4180061006
4180061207
4180061367
4180061433
4180061617
4180061679
4180061695
4180061780
4180061784
4180062295
4180062439
4180062632
4180062676
4180062743
4180062762
4180062968
4180063344
4180063377
4180063569
4180063755
4180064057
4180343115
4180064449
4180064820
4180064858
4180065129
4180373505
4180065503
4180066500
4180066972
4180066986
4180067332
4180067496
4180067546
4180067562
4180067628
4180067687
4180067773
4180378092
4180068042
4180068153
4180380859
4180068513
4180068581
4180068735
4180068845
4180069224
4180069350
4180069442
4180069923
4180069927
4180070076
4180390078
4180399121
4180070314
4180070542
4180070678
4180070825
4180070882
4180070899
4180070987
4180071055
4180071263
4180408771
4180446113
4180071884
4180071974
4180072171
4180072679
4180072917
4180073109
4180446399
4180073477
4180073713
4180073867
4180073968
4180073987
4180074547
4180074721
4180074759
4180075027
4180075046
4180485025
4180075457
4180075554
4180075753
4180075793
4180076203
4180076253
4180076274
4180076467
4180077134
4180077366
4180077433
4180078058
4180078543
4180078658
4180078802
4180078816
4180078848
4180078904
4180079020
4180503668
4180079635
4180080372
4180080411
4180080525
4180080544
4180080689
4180080695
4180080733
4180080760
4180081162
4180082333
4180082589
4180082620
4180082741
4180082973
4180083141
4180083159
4180083266
4180083340
4180083706
4180083718
4180083929
4180084249
4180547338
4180084433
4180556174
4180084707
4180084832
4180084885
4180589542
4180084906
4180085161
4180085917
4180086068
4180011501
4180086417
4180086658
4180086782
4180087341
4180012205
4180087521
4180087612
4180088190
4180088340
4180088374
4180088816
4180021971
4180025927
4180089509
4180089572
4180090241
4180090490
4180090584
4180090598
4180090795
4180090844
4180090932
4180091601
4180091685
4180091702
4180137286
4180092178
4180092688
4180093183
4180093187
4180093518
4180527895
4180093590
4180093649
4180093759
4180094179
4180094277
4180094613
4180094690
4180571469
4180094866
4180094990
4180095359
4180095459
4180095630
4180095767
4180095948
4180095983
4180096217
4180096243
4180096297
4180096383
4180096766
4180096814
4180097543
4180098779
4180098987
4180099120
4180099162
4180099905
4180100013
4180100138
4180100197
4180100199
4180100992
4180101345
4180112371
4180101671
4180101843
4180102104
4180129756
4180102793
4180103076
4180103903
4180104558
4180104679
4180104744
4180105562
4180105937
4180106020
4180106141
4180106530
4180108477
4180108534
4180108694
4180109017
4180109096
4180109348
4180109821
4180110246
4180110247
4180110330
4180110417
4180110749
4180111246
4180111632
4180112015
4180112289
4180180043
4180112749
4180112904
4180112924
4180112928
4180113112
4180113242
4180113305
4180113326
4180113402
4180113448
4180249369
4180114018
4180335794
4180114541
4180114752
4180114753
4180114816
4180114916
4180115083
4180115109
4180115264
4180115451
4180115566
4180115571
4180115814
4180115826
4180010661
4180115884
4180225601
4180553764
4180562315
4180116394
4180116423
4180116500
4180116618
4180116697
4180116845
4180116873
4180117180
4180117338
4180117354
4180117382
4180117817
4180117870
4180117874
4180117934
4180117985
4180118099
4180118174
4180118562
4180118793
4180118855
4180118861
4180119175
4180584225
4180584278
4180119668
4180120636
4180001694
4180120809
4180120810
4180003901
4180121292
4180121322
10013815
4180121476
4180121521
4180121607
4180121750
4180122057
4180122101
4180122107
4180114333
4180122183
4180122237
4180122256
4180122443
4180122529
4180122730
