100246
1000798
1002058
10001402
10001458
10001671
10001941
10002084
10002521
10002831
10003141
10003956
10004049
10004165
10004352
10004383
10004536
10004586
10005088
10005176
10005238
10005608
10005944
10006225
10006533
10006579
10006688
10006944
10007411
10008141
10008188
10009074
10009081
10009262
10009291
10009728
10009751
10009814
10010193
10010274
10010641
10010902
10010924
10011212
10011832
10012403
10012516
10012562
10012609
10013477
10013488
10013695
10014069
10014879
10014889
10014951
10015282
10015408
10015419
10015793
10015992
10016016
10017005
10017162
10017204
10017366
10017504
10017986
10018131
10018163
10018936
10019139
10019489
10019641
10020992
10021386
10022428
10022742
10023785
10024231
10024244
10024258
10025473
10025664
10025728
10026145
10026197
10026253
10026639
10027079
10028272
10028389
10029295
10031799
4180060691
4180060785
4180060881
4180061433
4180061617
4180061679














































































































































































































































































































































































































































































































































































































































































































































































































































































































































