4180049767
4180049766
4180049650
4180049491
4180049444
4180049414
4180049382
4180049353
4180049051
4180049047
10032631
10032362
10032337
10032245
10032224
10032151
10032115
10032027
10032006
10031851
10031799
10031786
10031665
10031637
10031365
10031287
10031185
10031051
10030946
10030902
10030746
10030718
10030718
10030596
10030495
10030455
10030439
10030427
10030324
10030297
10030163
10030156
10030136
10030111
10030079
10030047
10030035
10029726
10029603
10029493
10029457
10029181
10029166
10029052
10028888
10028776
10028572
10028549
10028405
10028389
10028272
10028266
10028259
10028233
10028212
10028051
10028046
10027744
10027364
10027283
10027237
10027177
10027163
10027086
10027079
10026891
10026873
10026696
10026646
10026639
10026381
10026317
10026267
10026253
10026235
10026197
10026189
10026145
10026105
10026018
10026005
10025924
10025755
10025728
10025664
10025621
10025569
10025568
10025473
10025473
10025439
10025332
10025182
10025141
10025112
10025072
10025026
10024989
10024966
10024879
10024815
10024753
10024694
10024633
10024509
10024384
10024339
10024335
10024326
10024303
10024258
10024244
10024231
10024214
10024181
10024021
10023993
10023965
10023911
10023887
10023852
10023834
10023785
10023515
10023447
10023412
10023237
10023108
10023081
10023068
10023017
10022948
10022882
10022742
10022635
10022428
10022242
10022086
10021937
10021717
10021685
10021657
10021386
10021368
10021215
10021163
10021074
10020992
10020894
10020871
10020782
10020524
10020499
10020251
10020127
10020076
10019812
10019752
10019668
10019641
10019571
10019509
10019489
10019331
10019159
10019144
10019139
10019008
10018936
10018926
10018754
10018658
10018497
10018412
10018298
10018214
10018174
10018163
10018131
10017986
10017712
10017601
10017596
10017575
10017504
10017366
10017341
10017312
10017236
10017204
10017176
10017165
10017162
10017129
10017005
10016949
10016905
10016843
10016676
10016583
10016441
10016391
10016178
10016077
10016016
10015992
10015872
10015793
10015791
10015717
10015686
10015658
10015627
10015509
10015419
10015417
10015408
10015379
10015282
10015174
10015134
10014981
10014951
10014889
10014879
10014873
10014782
10014606
10014462
10014432
10014334
10014308
10014163
10014069
10014014
10013997
10013915
10013867
10013817
10013815
10013695
10013648
10013488
10013477
10013465
10013405
10013374
10013345
10013188
10013177
10013056
10012988
10012958
10012758
10012617
10012609
10012562
10012516
10012403
10012283
10012281
10012234
10012105
10011832
10011784
10011764
10011739
10011585
10011449
10011426
10011393
10011234
10011225
10011212
10011148
10011004
10010924
10010902
10010853
10010748
10010746
10010641
10010545
10010502
10010274
10010193
10009911
10009866
10009814
10009751
10009744
10009728
10009662
10009629
10009624
10009607
10009537
10009439
10009421
10009375
10009291
10009269
10009262
10009081
10009074
10009054
10009032
10008973
10008884
10008663
10008494
10008373
10008331
10008325
10008254
10008188
10008171
10008141
10008026
10007953
10007927
10007907
10007905
10007903
10007662
10007654
10007592
10007582
10007513
10007411
10007411
10007349
10007251
10007228
10007218
10006989
10006944
10006913
10006868
10006817
10006797
10006688
10006683
10006653
10006579
10006576
10006533
10006495
10006482
10006433
10006273
10006225
10006225
10006186
10006179
10006079
10005944
10005841
10005608
10005608
10005577
10005577
10005522
10005517
10005349
10005324
10005277
10005274
10005238
10005176
10005088
10005007
10004952
10004851
10004644
10004586
10004536
10004514
10004383
10004352
10004326
10004326
10004194
10004165
10004151
10004139
10004049
10003956
10003948
10003915
10003612
10003593
10003574
10003473
10003407
10003141
10003046
10002955
10002948
10002887
10002831
10002815
10002784
10002521
10002515
10002499
10002495
10002296
10002247
10002094
10002084
10001978
10001941
10001777
10001671
10001556
10001527
10001458
10001402
10001213
10001138
10001135
10001132
10001085
10001074
10001005
10000986
10000969
10000947
10000909
10000903
10000866
10000844
10000829
10000801
10000754
10000627
10000532
10000456
10000382
10000182
10000168
10000152
10000136
10000101
1003241
1003227
1003113
1003092
1003083
1003066
1003063
1002983
1002945
1002743
1002717
1002628
1002577
1002523
1002388
1002227
1002225
1002127
1002111
1002082
1002058
1001981
1001978
1001691
1001685
1001622
1001606
1001591
1001533
1001403
1001367
1001064
1001056
1000953
1000798
1000522
1000405
1000369
1000342
1000283
1000151
100312
100246
100116
100106