10032224
10031851
10031786
10031665
10030596
10030324
10030136
10029493
10029332
10029295
10028389
10027079
10026639
10026253
10026197
10026145
10025728
10025664
10025473
10024258
10024244
10024231
10023785
10022742
10022428
10021386
10019641
10019489
10019139
10018936
10018163
10018131
10017986
10017504
10017366
10017204
10017162
10016016
10015793
10015419
10015408
10015282
10014951
10014889
10014879
10014069
10013695
10013488
10013477
10012609
10012562
10012403
10011832
10011212
10010924
10010902
10010641
10010274
10010193
10009751
10009291
10009262
10009081
10009074
10008188
10008141
10007411
10006944
10006688
10006579
10006225
10005944
10005608
10005238
10005176
10005088
10004586
10004536
10004383
10004352
10004165
10004049
10003956
10003141
10002831
10002521
10002084
10001941
10001458
10001402
10001213
10001138
10001005
10000909
10000627
10000532
1003113
1002523
1000405
1000151













































































































































































































































































































































































































































































































































































































































































































































































































































































































































